050
154
370
152
346
115
364
420
129
043
029
394
375
309
313
406
018
369
400
363
219
372
126
472
275
285
390
004
403
284
051
402
142
117
419
079
307
253
246
047
277
021
125
278
190
362
304
323
135
336
223
242
462
009
387
463
415
218
179
143
288
266
102
072
224
427
385
350
020
326
098
416
052
267
291
078
383
204
094
319
122
448
405
271
401
025
272
297
200
465
241
210
356
109
061
451
206
136
183
236
391
060
141
339
159
237
352
036
225
032
180
306
408
171
305
340
092
434
145
011
081
214
099
428
046
357
290
130
333
030
026
080
096
222
413
302
269
111
447
097
178
161
042
064
085
429
062
231
202
199
438
001
226
282
059
077
373
311
067
281
398
273
324
108
033
388
112
254
435
276
361
424
338
164
393
439
470
162
258
351
014
433
456
325
006
235
184
211
300
283
371
185
090
268
103
058
320
201
234
121
165
213
386
471
332
292
430
238
331
195
024
458
118
106
167
452
054
255
315
232
443
188
207
177
153
382
230
166
445
353
446
345
379
460
015
016
389
289
116
299
407
055
212
157
163
194
286
262
412
140
124
399
127
128
007
392
349
426
260
449
365
105
028
321
437
395
216
205
425
252
229
327
217
303
101
100
316
249
261
431
248
442
198
209
469
233
170
147
453
002
035
138
144
151
414
082
374
019
265
137
119
239
355
342
459
087
279
003
175
298
114
347
280
396
418
417
455
228
139
150
068
461
422
176
359
155
038
084
083
013
040
421
301
031
294
360
367
344
027
432
160
182
380
243
259
457
191
368
066
146
227
381
348
156
257
295
196
251
317
187
384
172
133
335
091
012
240
189
173
186
215
328
181
409
454
037
041
076
404
197
244
312
063
466
293
045
464
314
330
411
410
088
256
010
069
192
193
039
134
250